2011-01-03,1257.62,1276.17,1257.62,1271.87,4286670000,1271.87
2011-01-04,1272.95,1274.12,1262.66,1270.20,4796420000,1270.20
2011-01-05,1268.78,1277.63,1265.36,1276.56,4764920000,1276.56
2011-01-06,1276.29,1278.17,1270.43,1273.85,4844100000,1273.85
2011-01-07,1274.41,1276.83,1261.70,1271.50,4963110000,1271.50
2011-01-10,1270.84,1271.52,1262.18,1269.75,4036450000,1269.75
2011-01-11,1272.58,1277.25,1269.62,1274.48,4050750000,1274.48
2011-01-12,1275.65,1286.87,1275.65,1285.96,4226940000,1285.96
2011-01-13,1285.78,1286.70,1280.47,1283.76,4310840000,1283.76
2011-01-14,1282.90,1293.24,1281.24,1293.24,4661590000,1293.24
2011-01-18,1293.22,1296.06,1290.16,1295.02,5284990000,1295.02
2011-01-19,1294.52,1294.60,1278.92,1281.92,4743710000,1281.92
2011-01-20,1280.85,1283.35,1271.26,1280.26,4935320000,1280.26
2011-01-21,1283.63,1291.21,1282.07,1283.35,4935320000,1283.35
2011-01-24,1283.29,1291.93,1282.47,1290.84,3902470000,1290.84
2011-01-25,1288.17,1291.26,1281.07,1291.18,4595380000,1291.18
2011-01-26,1291.97,1299.74,1291.97,1296.63,4730980000,1296.63
2011-01-27,1297.51,1301.29,1294.41,1299.54,4309190000,1299.54
2011-01-28,1299.63,1302.67,1275.10,1276.34,5618630000,1276.34
2011-01-31,1276.50,1287.17,1276.50,1286.12,4167160000,1286.12
2011-02-01,1289.14,1308.86,1289.14,1307.59,5164500000,1307.59
2011-02-02,1305.91,1307.61,1302.62,1304.03,4098260000,1304.03
2011-02-03,1302.77,1308.60,1294.83,1307.10,4370990000,1307.10
2011-02-04,1307.01,1311.00,1301.67,1310.87,3925950000,1310.87
2011-02-07,1311.85,1322.85,1311.85,1319.05,3902270000,1319.05
2011-02-08,1318.76,1324.87,1316.03,1324.57,3881530000,1324.57
2011-02-09,1322.48,1324.54,1314.89,1320.88,3922240000,1320.88
2011-02-10,1318.13,1322.78,1311.74,1321.87,4184610000,1321.87
2011-02-11,1318.66,1330.79,1316.08,1329.15,4219300000,1329.15
2011-02-14,1328.73,1332.96,1326.90,1332.32,3567040000,1332.32
2011-02-15,1330.43,1330.43,1324.61,1328.01,3926860000,1328.01
2011-02-16,1329.51,1337.61,1329.51,1336.32,1966450000,1336.32
2011-02-17,1334.37,1341.50,1331.00,1340.43,1966450000,1340.43
2011-02-18,1340.38,1344.07,1338.12,1343.01,1162310000,1343.01
2011-02-22,1338.91,1338.91,1312.33,1315.44,1322780000,1315.44
2011-02-23,1315.44,1317.91,1299.55,1307.40,1330340000,1307.40
2011-02-24,1307.09,1310.91,1294.26,1306.10,1222900000,1306.10
2011-02-25,1307.34,1320.61,1307.34,1319.88,3836030000,1319.88
2011-02-28,1321.61,1329.38,1320.55,1327.22,1252850000,1327.22
2011-03-01,1328.64,1332.09,1306.14,1306.33,1180420000,1306.33
2011-03-02,1305.47,1314.19,1302.58,1308.44,1025000000,1308.44
2011-03-03,1312.37,1332.28,1312.37,1330.97,4340470000,1330.97
2011-03-04,1330.73,1331.08,1312.59,1321.15,4223740000,1321.15
2011-03-07,1322.72,1327.68,1303.99,1310.13,3964730000,1310.13
2011-03-08,1311.05,1325.74,1306.86,1321.82,4531420000,1321.82
2011-03-09,1319.92,1323.21,1312.27,1320.02,3709520000,1320.02
2011-03-10,1315.72,1315.72,1294.21,1295.11,4723020000,1295.11
2011-03-11,1293.43,1308.35,1291.99,1304.28,3740400000,1304.28
2011-03-14,1301.19,1301.19,1286.37,1296.39,4050370000,1296.39
2011-03-15,1288.46,1288.46,1261.12,1281.87,5201400000,1281.87
2011-03-16,1279.46,1280.91,1249.05,1256.88,5833000000,1256.88
2011-03-17,1261.61,1278.88,1261.61,1273.72,4134950000,1273.72
2011-03-18,1276.71,1288.88,1276.18,1279.21,4685500000,1279.21
2011-03-21,1281.65,1300.58,1281.65,1298.38,4223730000,1298.38
2011-03-22,1298.29,1299.35,1292.70,1293.77,3576550000,1293.77
2011-03-23,1292.19,1300.51,1284.05,1297.54,3842350000,1297.54
2011-03-24,1300.61,1311.34,1297.74,1309.66,4223740000,1309.66
2011-03-25,1311.80,1319.18,1310.15,1313.80,4223740000,1313.80
2011-03-28,1315.45,1319.74,1310.19,1310.19,3215170000,1310.19
2011-03-29,1309.37,1319.45,1305.26,1319.44,3482580000,1319.44
2011-03-30,1321.89,1331.74,1321.89,1328.26,3809570000,1328.26
2011-03-31,1327.44,1329.77,1325.03,1325.83,3566270000,1325.83
2011-04-01,1329.48,1337.85,1328.89,1332.41,4223740000,1332.41
2011-04-04,1333.56,1336.74,1329.10,1332.87,4223740000,1332.87
2011-04-05,1332.03,1338.21,1330.03,1332.63,3852280000,1332.63
2011-04-06,1335.94,1339.38,1331.09,1335.54,4223740000,1335.54
2011-04-07,1334.82,1338.80,1326.56,1333.51,4005600000,1333.51
2011-04-08,1336.16,1339.46,1322.94,1328.17,3582810000,1328.17
2011-04-11,1329.01,1333.77,1321.06,1324.46,3478970000,1324.46
2011-04-12,1321.96,1321.96,1309.51,1314.16,4275490000,1314.16
2011-04-13,1314.03,1321.35,1309.19,1314.41,3850860000,1314.41
2011-04-14,1311.13,1316.79,1302.42,1314.52,3872630000,1314.52
2011-04-15,1314.54,1322.88,1313.68,1319.68,4223740000,1319.68
2011-04-18,1313.35,1313.35,1294.70,1305.14,4223740000,1305.14
2011-04-19,1305.99,1312.70,1303.97,1312.62,3886300000,1312.62
2011-04-20,1319.12,1332.66,1319.12,1330.36,4236280000,1330.36
2011-04-21,1333.23,1337.49,1332.83,1337.38,3587240000,1337.38
2011-04-25,1337.14,1337.55,1331.47,1335.25,2142130000,1335.25
2011-04-26,1336.75,1349.55,1336.75,1347.24,3908060000,1347.24
2011-04-27,1348.43,1357.49,1344.25,1355.66,4051570000,1355.66
2011-04-28,1353.86,1361.71,1353.60,1360.48,4036820000,1360.48
2011-04-29,1360.14,1364.56,1358.69,1363.61,3479070000,1363.61
2011-05-02,1365.21,1370.58,1358.59,1361.22,3846250000,1361.22
2011-05-03,1359.76,1360.84,1349.52,1356.62,4223740000,1356.62
2011-05-04,1355.90,1355.90,1341.50,1347.32,4223740000,1347.32
2011-05-05,1344.16,1348.00,1329.17,1335.10,3846250000,1335.10
2011-05-06,1340.24,1354.36,1335.58,1340.20,4223740000,1340.20
2011-05-09,1340.20,1349.44,1338.64,1346.29,4265250000,1346.29
2011-05-10,1348.34,1359.44,1348.34,1357.16,4223740000,1357.16
2011-05-11,1354.51,1354.51,1336.36,1342.08,3846250000,1342.08
2011-05-12,1339.39,1351.05,1332.03,1348.65,3777210000,1348.65
2011-05-13,1348.69,1350.47,1333.36,1337.77,3426660000,1337.77
2011-05-16,1334.77,1343.33,1327.32,1329.47,3846250000,1329.47
2011-05-17,1326.10,1330.42,1318.51,1328.98,4053970000,1328.98
2011-05-18,1328.54,1341.82,1326.59,1340.68,3922030000,1340.68
2011-05-19,1342.40,1346.82,1336.36,1343.60,3626110000,1343.60
2011-05-20,1342.00,1342.00,1330.67,1333.27,4066020000,1333.27
2011-05-23,1333.07,1333.07,1312.88,1317.37,3255580000,1317.37
2011-05-24,1317.70,1323.72,1313.87,1316.28,3846250000,1316.28
2011-05-25,1316.36,1325.86,1311.80,1320.47,4109670000,1320.47
2011-05-26,1320.64,1328.51,1314.41,1325.69,3259470000,1325.69
2011-05-27,1325.69,1334.62,1325.69,1331.10,3124560000,1331.10
2011-05-31,1331.10,1345.20,1331.10,1345.20,4696240000,1345.20
2011-06-01,1345.20,1345.20,1313.71,1314.55,4241090000,1314.55
2011-06-02,1314.55,1318.03,1305.61,1312.94,3762170000,1312.94
2011-06-03,1312.94,1312.94,1297.90,1300.16,3505030000,1300.16
2011-06-06,1300.26,1300.26,1284.72,1286.17,3555980000,1286.17
2011-06-07,1286.31,1296.22,1284.74,1284.94,3846250000,1284.94
2011-06-08,1284.63,1287.04,1277.42,1279.56,3970810000,1279.56
2011-06-09,1279.63,1294.54,1279.63,1289.00,3332510000,1289.00
2011-06-10,1288.60,1288.60,1268.28,1270.98,3846250000,1270.98
2011-06-13,1271.31,1277.04,1265.64,1271.83,4132520000,1271.83
2011-06-14,1272.22,1292.50,1272.22,1287.87,3500280000,1287.87
2011-06-15,1287.87,1287.87,1261.90,1265.42,4070500000,1265.42
2011-06-16,1265.53,1274.11,1258.07,1267.64,3846250000,1267.64
2011-06-17,1268.58,1279.82,1267.40,1271.50,4916460000,1271.50
2011-06-20,1271.50,1280.42,1267.56,1278.36,3464660000,1278.36
2011-06-21,1278.40,1297.62,1278.40,1295.52,4056150000,1295.52
2011-06-22,1295.48,1298.61,1286.79,1287.14,3718420000,1287.14
2011-06-23,1286.60,1286.60,1262.87,1283.50,4983450000,1283.50
2011-06-24,1283.04,1283.93,1267.24,1268.45,3665340000,1268.45
2011-06-27,1268.44,1284.91,1267.53,1280.10,3479070000,1280.10
2011-06-28,1280.21,1296.80,1280.21,1296.67,3681500000,1296.67
2011-06-29,1296.85,1309.21,1296.85,1307.41,4347540000,1307.41
2011-06-30,1307.64,1321.97,1307.64,1320.64,4200500000,1320.64
2011-07-01,1320.64,1341.01,1318.18,1339.67,3796930000,1339.67
2011-07-05,1339.59,1340.89,1334.30,1337.88,3722320000,1337.88
2011-07-06,1337.56,1340.94,1330.92,1339.22,3564190000,1339.22
2011-07-07,1339.62,1356.48,1339.62,1353.22,4069530000,1353.22
2011-07-08,1352.39,1352.39,1333.71,1343.80,3594360000,1343.80
2011-07-11,1343.31,1343.31,1316.42,1319.49,3879130000,1319.49
2011-07-12,1319.61,1327.17,1313.33,1313.64,4227890000,1313.64
2011-07-13,1314.45,1331.48,1314.45,1317.72,4060080000,1317.72
2011-07-14,1317.74,1326.88,1306.51,1308.87,4358570000,1308.87
2011-07-15,1308.87,1317.70,1307.52,1316.14,4242760000,1316.14
2011-07-18,1315.94,1315.94,1295.92,1305.44,4118160000,1305.44
2011-07-19,1307.07,1328.14,1307.07,1326.73,4304600000,1326.73
2011-07-20,1328.66,1330.43,1323.65,1325.84,3767420000,1325.84
2011-07-21,1325.65,1347.00,1325.65,1343.80,4837430000,1343.80
2011-07-22,1343.80,1346.10,1336.95,1345.02,3522830000,1345.02
2011-07-25,1344.32,1344.32,1331.09,1337.43,3536890000,1337.43
2011-07-26,1337.39,1338.51,1329.59,1331.94,4007050000,1331.94
2011-07-27,1331.91,1331.91,1303.49,1304.89,3479040000,1304.89
2011-07-28,1304.84,1316.32,1299.16,1300.67,4951800000,1300.67
2011-07-29,1300.12,1304.16,1282.86,1292.28,5061190000,1292.28
2011-08-01,1292.59,1307.38,1274.73,1286.94,4967390000,1286.94
2011-08-02,1286.56,1286.56,1254.03,1254.05,5206290000,1254.05
2011-08-03,1254.25,1261.20,1234.56,1260.34,6446940000,1260.34
2011-08-04,1260.23,1260.23,1199.54,1200.07,4266530000,1200.07
2011-08-05,1200.28,1218.11,1168.09,1199.38,5454590000,1199.38
2011-08-08,1198.48,1198.48,1119.28,1119.46,2615150000,1119.46
2011-08-09,1120.23,1172.88,1101.54,1172.53,2366660000,1172.53
2011-08-10,1171.77,1171.77,1118.01,1120.76,5018070000,1120.76
2011-08-11,1121.30,1186.29,1121.30,1172.64,3685050000,1172.64
2011-08-12,1172.87,1189.04,1170.74,1178.81,5640380000,1178.81
2011-08-15,1178.86,1204.49,1178.86,1204.49,4272850000,1204.49
2011-08-16,1204.22,1204.22,1180.53,1192.76,5071600000,1192.76
2011-08-17,1192.89,1208.47,1184.36,1193.89,4388340000,1193.89
2011-08-18,1189.62,1189.62,1131.03,1140.65,3234810000,1140.65
2011-08-19,1140.47,1154.54,1122.05,1123.53,5167560000,1123.53
2011-08-22,1123.55,1145.49,1121.09,1123.82,5436260000,1123.82
2011-08-23,1124.36,1162.35,1124.36,1162.35,5013170000,1162.35
2011-08-24,1162.16,1178.56,1156.30,1177.60,5315310000,1177.60
2011-08-25,1176.69,1190.68,1155.47,1159.27,5748420000,1159.27
2011-08-26,1158.85,1181.23,1135.91,1176.80,5035320000,1176.80
2011-08-29,1177.91,1210.28,1177.91,1210.08,4228070000,1210.08
2011-08-30,1209.76,1220.10,1195.77,1212.92,4572570000,1212.92
2011-08-31,1213.00,1230.71,1209.35,1218.89,5267840000,1218.89
2011-09-01,1219.12,1229.29,1203.85,1204.42,4780410000,1204.42
2011-09-02,1203.90,1203.90,1170.56,1173.97,4401740000,1173.97
2011-09-06,1173.97,1173.97,1140.13,1165.24,5103980000,1165.24
2011-09-07,1165.85,1198.62,1165.85,1198.62,4441040000,1198.62
2011-09-08,1197.98,1204.40,1183.34,1185.90,4465170000,1185.90
2011-09-09,1185.37,1185.37,1148.37,1154.23,4586370000,1154.23
2011-09-12,1153.50,1162.52,1136.07,1162.27,5168550000,1162.27
2011-09-13,1162.59,1176.41,1157.44,1172.87,4681370000,1172.87
2011-09-14,1173.32,1202.38,1162.73,1188.68,4986740000,1188.68
2011-09-15,1189.44,1209.11,1189.44,1209.11,4479730000,1209.11
2011-09-16,1209.21,1220.06,1204.46,1216.01,5248890000,1216.01
2011-09-19,1214.99,1214.99,1188.36,1204.09,4254190000,1204.09
2011-09-20,1204.50,1220.39,1201.29,1202.09,4315610000,1202.09
2011-09-21,1203.63,1206.30,1166.21,1166.76,4728550000,1166.76
2011-09-22,1164.55,1164.55,1114.22,1129.56,6703140000,1129.56
2011-09-23,1128.82,1141.72,1121.36,1136.43,5639930000,1136.43
2011-09-26,1136.91,1164.19,1131.07,1162.95,4762830000,1162.95
2011-09-27,1163.32,1195.86,1163.32,1175.38,5548130000,1175.38
2011-09-28,1175.39,1184.71,1150.40,1151.06,4787920000,1151.06
2011-09-29,1151.74,1175.87,1139.93,1160.40,5285740000,1160.40
2011-09-30,1159.93,1159.93,1131.34,1131.42,4416790000,1131.42
2011-10-03,1131.21,1138.99,1098.92,1099.23,5670340000,1099.23
2011-10-04,1097.42,1125.12,1074.77,1123.95,3714670000,1123.95
2011-10-05,1124.03,1146.07,1115.68,1144.03,2510620000,1144.03
2011-10-06,1144.11,1165.55,1134.95,1164.97,5098330000,1164.97
2011-10-07,1165.03,1171.40,1150.26,1155.46,5580380000,1155.46
2011-10-10,1158.15,1194.91,1158.15,1194.89,4446800000,1194.89
2011-10-11,1194.60,1199.24,1187.30,1195.54,4424500000,1195.54
2011-10-12,1196.19,1220.25,1196.19,1207.25,5355360000,1207.25
2011-10-13,1206.96,1207.46,1190.58,1203.66,4436270000,1203.66
2011-10-14,1205.65,1224.61,1205.65,1224.58,4116690000,1224.58
2011-10-17,1224.47,1224.47,1198.55,1200.86,4300700000,1200.86
2011-10-18,1200.75,1233.10,1191.48,1225.38,4840170000,1225.38
2011-10-19,1223.46,1229.64,1206.31,1209.88,4846390000,1209.88
2011-10-20,1209.92,1219.53,1197.34,1215.39,4870290000,1215.39
2011-10-21,1215.39,1239.03,1215.39,1238.25,4980770000,1238.25
2011-10-24,1238.72,1256.55,1238.72,1254.19,4309380000,1254.19
2011-10-25,1254.19,1254.19,1226.79,1229.05,4473970000,1229.05
2011-10-26,1229.17,1246.28,1221.06,1242.00,4873530000,1242.00
2011-10-27,1243.97,1292.66,1243.97,1284.59,6367610000,1284.59
2011-10-28,1284.39,1287.08,1277.01,1285.09,4536690000,1285.09
2011-10-31,1284.96,1284.96,1253.16,1253.30,4310210000,1253.30
2011-11-01,1251.00,1251.00,1215.42,1218.28,5645540000,1218.28
2011-11-02,1219.62,1242.48,1219.62,1237.90,4110530000,1237.90
2011-11-03,1238.25,1263.21,1234.81,1261.15,4849140000,1261.15
2011-11-04,1260.82,1260.82,1238.92,1253.23,3830650000,1253.23
2011-11-07,1253.21,1261.70,1240.75,1261.12,3429740000,1261.12
2011-11-08,1261.12,1277.55,1254.99,1275.92,3908490000,1275.92
2011-11-09,1275.18,1275.18,1226.64,1229.10,4659740000,1229.10
2011-11-10,1229.59,1246.22,1227.70,1239.70,4002760000,1239.70
2011-11-11,1240.12,1266.98,1240.12,1263.85,3370180000,1263.85
2011-11-14,1263.85,1263.85,1246.68,1251.78,3219680000,1251.78
2011-11-15,1251.70,1264.25,1244.34,1257.81,3599300000,1257.81
2011-11-16,1257.81,1259.61,1235.67,1236.91,4085010000,1236.91
2011-11-17,1236.56,1237.73,1209.43,1216.13,4596450000,1216.13
2011-11-18,1216.19,1223.51,1211.36,1215.65,3827610000,1215.65
2011-11-21,1215.62,1215.62,1183.16,1192.98,4050070000,1192.98
2011-11-22,1192.98,1196.81,1181.65,1188.04,3911710000,1188.04
2011-11-23,1187.48,1187.48,1161.79,1161.79,3798940000,1161.79
2011-11-25,1161.41,1172.66,1158.66,1158.67,1664200000,1158.67
2011-11-28,1158.67,1197.35,1158.67,1192.55,3920750000,1192.55
2011-11-29,1192.56,1203.67,1191.80,1195.19,3992650000,1195.19
2011-11-30,1196.72,1247.11,1196.72,1246.96,5801910000,1246.96
2011-12-01,1246.91,1251.09,1239.73,1244.58,3818680000,1244.58
2011-12-02,1246.03,1260.08,1243.35,1244.28,4144310000,1244.28
2011-12-05,1244.33,1266.73,1244.33,1257.08,4148060000,1257.08
2011-12-06,1257.19,1266.03,1253.03,1258.47,3734230000,1258.47
2011-12-07,1258.14,1267.06,1244.80,1261.01,4160540000,1261.01
2011-12-08,1260.87,1260.87,1231.47,1234.35,4298370000,1234.35
2011-12-09,1234.48,1258.25,1234.48,1255.19,3830610000,1255.19
2011-12-12,1255.05,1255.05,1227.25,1236.47,3600570000,1236.47
2011-12-13,1236.83,1249.86,1219.43,1225.73,4121570000,1225.73
2011-12-14,1225.73,1225.73,1209.47,1211.82,4298290000,1211.82
2011-12-15,1212.12,1225.60,1212.12,1215.75,3810340000,1215.75
2011-12-16,1216.09,1231.04,1215.20,1219.66,5345800000,1219.66
2011-12-19,1219.74,1224.57,1202.37,1205.35,3659820000,1205.35
2011-12-20,1205.72,1242.82,1205.72,1241.30,4055590000,1241.30
2011-12-21,1241.25,1245.09,1229.51,1243.72,2959020000,1243.72
2011-12-22,1243.72,1255.22,1243.72,1254.00,3492250000,1254.00
2011-12-23,1254.00,1265.42,1254.00,1265.33,2233830000,1265.33
2011-12-27,1265.02,1269.37,1262.30,1265.43,2130590000,1265.43
2011-12-28,1265.38,1265.85,1248.64,1249.64,2349980000,1249.64
2011-12-29,1249.75,1263.54,1249.75,1263.02,2278130000,1263.02
2011-12-30,1262.82,1264.12,1257.46,1257.60,2271850000,1257.60
2012-01-03,1258.86,1284.62,1258.86,1277.06,3943710000,1277.06
2012-01-04,1277.03,1278.73,1268.10,1277.30,3592580000,1277.30
2012-01-05,1277.30,1283.05,1265.26,1281.06,4315950000,1281.06
2012-01-06,1280.93,1281.84,1273.34,1277.81,3656830000,1277.81
2012-01-09,1277.83,1281.99,1274.55,1280.70,3371600000,1280.70
2012-01-10,1280.77,1296.46,1280.77,1292.08,4221960000,1292.08
2012-01-11,1292.02,1293.80,1285.41,1292.48,3968120000,1292.48
2012-01-12,1292.48,1296.82,1285.77,1295.50,4019890000,1295.50
2012-01-13,1294.82,1294.82,1277.58,1289.09,3692370000,1289.09
2012-01-17,1290.22,1303.00,1290.22,1293.67,4010490000,1293.67
2012-01-18,1293.65,1308.11,1290.99,1308.04,4096160000,1308.04
2012-01-19,1308.07,1315.49,1308.07,1314.50,4465890000,1314.50
2012-01-20,1314.49,1315.38,1309.17,1315.38,3912620000,1315.38
2012-01-23,1315.29,1322.28,1309.89,1316.00,3770910000,1316.00
2012-01-24,1315.96,1315.96,1306.06,1314.65,3693560000,1314.65
2012-01-25,1314.40,1328.30,1307.65,1326.06,4410910000,1326.06
2012-01-26,1326.28,1333.47,1313.60,1318.43,4522070000,1318.43
2012-01-27,1318.25,1320.06,1311.72,1316.33,4007380000,1316.33
2012-01-30,1316.16,1316.16,1300.49,1313.01,3659010000,1313.01
2012-01-31,1313.53,1321.41,1306.69,1312.41,4235550000,1312.41
2012-02-01,1312.45,1330.52,1312.45,1324.09,4504360000,1324.09
2012-02-02,1324.24,1329.19,1321.57,1325.54,4120920000,1325.54
2012-02-03,1326.21,1345.34,1326.21,1344.90,4608550000,1344.90
2012-02-06,1344.32,1344.36,1337.52,1344.33,3379700000,1344.33
2012-02-07,1344.33,1349.24,1335.92,1347.05,3742460000,1347.05
2012-02-08,1347.04,1351.00,1341.95,1349.96,4096730000,1349.96
2012-02-09,1349.97,1354.32,1344.63,1351.95,4209890000,1351.95
2012-02-10,1351.21,1351.21,1337.35,1342.64,3877580000,1342.64
2012-02-13,1343.06,1353.35,1343.06,1351.77,3618040000,1351.77
2012-02-14,1351.30,1351.30,1340.83,1350.50,3889520000,1350.50
2012-02-15,1350.52,1355.87,1340.80,1343.23,4080340000,1343.23
2012-02-16,1342.61,1359.02,1341.22,1358.04,4108880000,1358.04
2012-02-17,1358.06,1363.40,1357.24,1361.23,3717640000,1361.23
2012-02-21,1361.22,1367.76,1358.11,1362.21,3795200000,1362.21
2012-02-22,1362.11,1362.70,1355.53,1357.66,3633710000,1357.66
2012-02-23,1357.53,1364.24,1352.28,1363.46,3786450000,1363.46
2012-02-24,1363.46,1368.92,1363.46,1365.74,3505360000,1365.74
2012-02-27,1365.20,1371.94,1354.92,1367.59,3648890000,1367.59
2012-02-28,1367.56,1373.09,1365.97,1372.18,3579120000,1372.18
2012-02-29,1372.20,1378.04,1363.81,1365.68,4482370000,1365.68
2012-03-01,1365.90,1376.17,1365.90,1374.09,3919240000,1374.09
2012-03-02,1374.09,1374.53,1366.42,1369.63,3283490000,1369.63
2012-03-05,1369.59,1369.59,1359.13,1364.33,3429480000,1364.33
2012-03-06,1363.63,1363.63,1340.03,1343.36,4191060000,1343.36
2012-03-07,1343.39,1354.85,1343.39,1352.63,3580380000,1352.63
2012-03-08,1352.65,1368.72,1352.65,1365.91,3543060000,1365.91
2012-03-09,1365.97,1374.76,1365.97,1370.87,3639470000,1370.87
2012-03-12,1370.78,1373.04,1366.69,1371.09,3081870000,1371.09
2012-03-13,1371.92,1396.13,1371.92,1395.95,4386470000,1395.95
2012-03-14,1395.95,1399.42,1389.97,1394.28,4502280000,1394.28
2012-03-15,1394.17,1402.63,1392.78,1402.60,4271650000,1402.60
2012-03-16,1402.55,1405.88,1401.47,1404.17,5163950000,1404.17
2012-03-19,1404.17,1414.00,1402.43,1409.75,3932570000,1409.75
2012-03-20,1409.59,1409.59,1397.68,1405.52,3695280000,1405.52
2012-03-21,1405.52,1407.75,1400.64,1402.89,3573590000,1402.89
2012-03-22,1402.89,1402.89,1388.73,1392.78,3740590000,1392.78
2012-03-23,1392.78,1399.18,1386.87,1397.11,3472950000,1397.11
2012-03-26,1397.11,1416.58,1397.11,1416.51,3576950000,1416.51
2012-03-27,1416.55,1419.15,1411.95,1412.52,3513640000,1412.52
2012-03-28,1412.52,1413.65,1397.20,1405.54,3892800000,1405.54
2012-03-29,1405.39,1405.39,1391.56,1403.28,3832000000,1403.28
2012-03-30,1403.31,1410.89,1401.42,1408.47,3676890000,1408.47
2012-04-02,1408.47,1422.38,1404.46,1419.04,3572010000,1419.04
2012-04-03,1418.98,1419.00,1404.62,1413.38,3822090000,1413.38
2012-04-04,1413.09,1413.09,1394.09,1398.96,3938290000,1398.96
2012-04-05,1398.79,1401.60,1392.92,1398.08,3303740000,1398.08
2012-04-09,1397.45,1397.45,1378.24,1382.20,3468980000,1382.20
2012-04-10,1382.18,1383.01,1357.38,1358.59,4631730000,1358.59
2012-04-11,1358.98,1374.71,1358.98,1368.71,3743040000,1368.71
2012-04-12,1368.77,1388.13,1368.77,1387.57,3618280000,1387.57
2012-04-13,1387.61,1387.61,1369.85,1370.26,3631160000,1370.26
2012-04-16,1370.27,1379.66,1365.38,1369.57,3574780000,1369.57
2012-04-17,1369.57,1392.76,1369.57,1390.78,3456200000,1390.78
2012-04-18,1390.78,1390.78,1383.29,1385.14,3463140000,1385.14
2012-04-19,1385.08,1390.46,1370.30,1376.92,4180020000,1376.92
2012-04-20,1376.96,1387.40,1376.96,1378.53,3833320000,1378.53
2012-04-23,1378.53,1378.53,1358.79,1366.94,3654860000,1366.94
2012-04-24,1366.97,1375.57,1366.82,1371.97,3617100000,1371.97
2012-04-25,1372.11,1391.37,1372.11,1390.69,3998430000,1390.69
2012-04-26,1390.64,1402.09,1387.28,1399.98,4034700000,1399.98
2012-04-27,1400.19,1406.64,1397.31,1403.36,3645830000,1403.36
2012-04-30,1403.26,1403.26,1394.00,1397.91,3574010000,1397.91
2012-05-01,1397.86,1415.32,1395.73,1405.82,3807950000,1405.82
2012-05-02,1405.50,1405.50,1393.92,1402.31,3803860000,1402.31
2012-05-03,1402.32,1403.07,1388.71,1391.57,4004910000,1391.57
2012-05-04,1391.51,1391.51,1367.96,1369.10,3975140000,1369.10
2012-05-07,1368.79,1373.91,1363.94,1369.58,3559390000,1369.58
2012-05-08,1369.16,1369.16,1347.75,1363.72,4261670000,1363.72
2012-05-09,1363.20,1363.73,1343.13,1354.58,4288540000,1354.58
2012-05-10,1354.58,1365.88,1354.58,1357.99,3727990000,1357.99
2012-05-11,1358.11,1365.66,1348.89,1353.39,3869070000,1353.39
2012-05-14,1351.93,1351.93,1336.61,1338.35,3688120000,1338.35
2012-05-15,1338.36,1344.94,1328.41,1330.66,4114040000,1330.66
2012-05-16,1330.78,1341.78,1324.79,1324.80,4280420000,1324.80
2012-05-17,1324.82,1326.36,1304.86,1304.86,4664280000,1304.86
2012-05-18,1305.05,1312.24,1291.98,1295.22,4512470000,1295.22
2012-05-21,1295.73,1316.39,1295.73,1315.99,3786750000,1315.99
2012-05-22,1316.09,1328.49,1310.04,1316.63,4123680000,1316.63
2012-05-23,1316.02,1320.71,1296.53,1318.86,4108330000,1318.86
2012-05-24,1318.72,1324.14,1310.50,1320.68,3937670000,1320.68
2012-05-25,1320.81,1324.20,1314.23,1317.82,2872660000,1317.82
2012-05-29,1318.90,1334.93,1318.90,1332.42,3441640000,1332.42
2012-05-30,1331.25,1331.25,1310.76,1313.32,3534290000,1313.32
2012-05-31,1313.09,1319.74,1298.90,1310.33,4557620000,1310.33
2012-06-01,1309.87,1309.87,1277.25,1278.04,4669350000,1278.04
2012-06-04,1278.29,1282.55,1266.74,1278.18,4011960000,1278.18
2012-06-05,1277.82,1287.62,1274.16,1285.50,3403230000,1285.50
2012-06-06,1285.61,1315.13,1285.61,1315.13,4268360000,1315.13
2012-06-07,1316.15,1329.05,1312.68,1314.99,4258140000,1314.99
2012-06-08,1314.99,1325.81,1307.77,1325.66,3497190000,1325.66
2012-06-11,1325.72,1335.52,1307.73,1308.93,3537530000,1308.93
2012-06-12,1309.40,1324.31,1306.62,1324.18,3442920000,1324.18
2012-06-13,1324.02,1327.28,1310.51,1314.88,3506510000,1314.88
2012-06-14,1314.88,1333.68,1314.14,1329.10,3687720000,1329.10
2012-06-15,1329.19,1343.32,1329.19,1342.84,4401570000,1342.84
2012-06-18,1342.42,1348.22,1334.46,1344.78,3259430000,1344.78
2012-06-19,1344.83,1363.46,1344.83,1357.98,3815350000,1357.98
2012-06-20,1358.04,1361.57,1346.45,1355.69,3695700000,1355.69
2012-06-21,1355.43,1358.27,1324.41,1325.51,4094470000,1325.51
2012-06-22,1325.92,1337.82,1325.92,1335.02,5271490000,1335.02
2012-06-25,1334.90,1334.90,1309.27,1313.72,3501820000,1313.72
2012-06-26,1314.09,1324.24,1310.30,1319.99,3412940000,1319.99
2012-06-27,1320.71,1334.40,1320.71,1331.85,3286910000,1331.85
2012-06-28,1331.52,1331.52,1313.29,1329.04,3969370000,1329.04
2012-06-29,1330.12,1362.17,1330.12,1362.16,4590480000,1362.16
2012-07-02,1362.33,1366.35,1355.70,1365.51,3301650000,1365.51
2012-07-03,1365.75,1374.81,1363.53,1374.02,2116390000,1374.02
2012-07-05,1373.72,1373.85,1363.02,1367.58,3041520000,1367.58
2012-07-06,1367.09,1367.09,1348.03,1354.68,2745140000,1354.68
2012-07-09,1354.66,1354.87,1346.65,1352.46,2904860000,1352.46
2012-07-10,1352.96,1361.54,1336.27,1341.47,3470600000,1341.47
2012-07-11,1341.40,1345.00,1333.25,1341.45,3426290000,1341.45
2012-07-12,1341.29,1341.29,1325.41,1334.76,3654440000,1334.76
2012-07-13,1334.81,1357.70,1334.81,1356.78,3212930000,1356.78
2012-07-16,1356.50,1357.26,1348.51,1353.64,2862720000,1353.64
2012-07-17,1353.68,1365.36,1345.07,1363.67,3566680000,1363.67
2012-07-18,1363.58,1375.26,1358.96,1372.78,3642630000,1372.78
2012-07-19,1373.01,1380.39,1371.21,1376.51,4043360000,1376.51
2012-07-20,1376.51,1376.51,1362.19,1362.66,3925020000,1362.66
2012-07-23,1362.34,1362.34,1337.56,1350.52,3717180000,1350.52
2012-07-24,1350.52,1351.53,1329.24,1338.31,3891290000,1338.31
2012-07-25,1338.35,1343.98,1331.50,1337.89,3719170000,1337.89
2012-07-26,1338.17,1363.13,1338.17,1360.02,4429300000,1360.02
2012-07-27,1360.05,1389.19,1360.05,1385.97,4399010000,1385.97
2012-07-30,1385.94,1391.74,1381.37,1385.30,3212060000,1385.30
2012-07-31,1385.27,1387.16,1379.17,1379.32,3821570000,1379.32
2012-08-01,1379.32,1385.03,1373.35,1375.32,4440920000,1375.32
2012-08-02,1375.13,1375.13,1354.65,1365.00,4193740000,1365.00
2012-08-03,1365.45,1394.16,1365.45,1390.99,3751170000,1390.99
2012-08-06,1391.04,1399.63,1391.04,1394.23,3122050000,1394.23
2012-08-07,1394.46,1407.14,1394.46,1401.35,3682490000,1401.35
2012-08-08,1401.23,1404.14,1396.13,1402.22,3221790000,1402.22
2012-08-09,1402.26,1405.95,1398.80,1402.80,3119610000,1402.80
2012-08-10,1402.58,1405.98,1395.62,1405.87,2767980000,1405.87
2012-08-13,1405.87,1405.87,1397.32,1404.11,2499990000,1404.11
2012-08-14,1404.36,1410.03,1400.60,1403.93,2930900000,1403.93
2012-08-15,1403.89,1407.73,1401.83,1405.53,2655750000,1405.53
2012-08-16,1405.57,1417.44,1404.15,1415.51,3114100000,1415.51
2012-08-17,1415.84,1418.71,1414.67,1418.16,2922990000,1418.16
2012-08-20,1417.85,1418.13,1412.12,1418.13,2766320000,1418.13
2012-08-21,1418.13,1426.68,1410.86,1413.17,3282950000,1413.17
2012-08-22,1413.09,1416.12,1406.78,1413.49,3062690000,1413.49
2012-08-23,1413.49,1413.49,1400.50,1402.08,3008240000,1402.08
2012-08-24,1401.99,1413.46,1398.04,1411.13,2598790000,1411.13
2012-08-27,1411.13,1416.17,1409.11,1410.44,2472500000,1410.44
2012-08-28,1410.44,1413.63,1405.59,1409.30,2629090000,1409.30
2012-08-29,1409.32,1413.95,1406.57,1410.49,2571220000,1410.49
2012-08-30,1410.08,1410.08,1397.01,1399.48,2530280000,1399.48
2012-08-31,1400.07,1413.09,1398.96,1406.58,2938250000,1406.58
2012-09-04,1406.54,1409.31,1396.56,1404.94,3200310000,1404.94
2012-09-05,1404.94,1408.81,1401.25,1403.44,3389110000,1403.44
2012-09-06,1403.74,1432.12,1403.74,1432.12,3952870000,1432.12
2012-09-07,1432.12,1437.92,1431.45,1437.92,3717620000,1437.92
2012-09-10,1437.92,1438.74,1428.98,1429.08,3223670000,1429.08
2012-09-11,1429.13,1437.76,1429.13,1433.56,3509630000,1433.56
2012-09-12,1433.56,1439.15,1432.99,1436.56,3641200000,1436.56
2012-09-13,1436.56,1463.76,1435.34,1459.99,4606550000,1459.99
2012-09-14,1460.07,1474.51,1460.07,1465.77,5041990000,1465.77
2012-09-17,1465.42,1465.63,1457.55,1461.19,3482430000,1461.19
2012-09-18,1461.19,1461.47,1456.13,1459.32,3377390000,1459.32
2012-09-19,1459.50,1465.15,1457.88,1461.05,3451360000,1461.05
2012-09-20,1461.05,1461.23,1449.98,1460.26,3382520000,1460.26
2012-09-21,1460.34,1467.07,1459.51,1460.15,4833870000,1460.15
2012-09-24,1459.76,1460.72,1452.06,1456.89,3008920000,1456.89
2012-09-25,1456.94,1463.24,1441.59,1441.59,3739900000,1441.59
2012-09-26,1441.60,1441.60,1430.53,1433.32,3565380000,1433.32
2012-09-27,1433.36,1450.20,1433.36,1447.15,3150330000,1447.15
2012-09-28,1447.13,1447.13,1435.60,1440.67,3509230000,1440.67
2012-10-01,1440.90,1457.14,1440.90,1444.49,3505080000,1444.49
2012-10-02,1444.99,1451.52,1439.01,1445.75,3321790000,1445.75
2012-10-03,1446.05,1454.30,1441.99,1450.99,3531640000,1450.99
2012-10-04,1451.08,1463.14,1451.08,1461.40,3615860000,1461.40
2012-10-05,1461.40,1470.96,1456.89,1460.93,3172940000,1460.93
2012-10-08,1460.93,1460.93,1453.10,1455.88,2328720000,1455.88
2012-10-09,1455.90,1455.90,1441.18,1441.48,3216320000,1441.48
2012-10-10,1441.48,1442.52,1430.64,1432.56,3225060000,1432.56
2012-10-11,1432.82,1443.90,1432.82,1432.84,3672540000,1432.84
2012-10-12,1432.84,1438.43,1425.53,1428.59,3134750000,1428.59
2012-10-15,1428.75,1441.31,1427.24,1440.13,3483810000,1440.13
2012-10-16,1440.31,1455.51,1440.31,1454.92,3568770000,1454.92
2012-10-17,1454.22,1462.20,1453.35,1460.91,3655320000,1460.91
2012-10-18,1460.94,1464.02,1452.63,1457.34,3880030000,1457.34
2012-10-19,1457.34,1457.34,1429.85,1433.19,3875170000,1433.19
2012-10-22,1433.21,1435.46,1422.06,1433.82,3216220000,1433.82
2012-10-23,1433.74,1433.74,1407.56,1413.11,3587670000,1413.11
2012-10-24,1413.20,1420.04,1407.10,1408.75,3385970000,1408.75
2012-10-25,1409.74,1421.12,1405.14,1412.97,3512640000,1412.97
2012-10-26,1412.97,1417.09,1403.28,1411.94,3284910000,1411.94
2012-10-31,1410.99,1418.76,1405.95,1412.16,3577110000,1412.16
2012-11-01,1412.20,1428.35,1412.20,1427.59,3929890000,1427.59
2012-11-02,1427.59,1434.27,1412.91,1414.20,3732480000,1414.20
2012-11-05,1414.02,1419.90,1408.13,1417.26,2921040000,1417.26
2012-11-06,1417.26,1433.38,1417.26,1428.39,3306970000,1428.39
2012-11-07,1428.27,1428.27,1388.14,1394.53,4356490000,1394.53
2012-11-08,1394.53,1401.23,1377.51,1377.51,3779520000,1377.51
2012-11-09,1377.55,1391.39,1373.03,1379.85,3647350000,1379.85
2012-11-12,1379.86,1384.87,1377.19,1380.03,2567540000,1380.03
2012-11-13,1380.03,1388.81,1371.39,1374.53,3455550000,1374.53
2012-11-14,1374.64,1380.13,1352.50,1355.49,4109510000,1355.49
2012-11-15,1355.41,1360.62,1348.05,1353.33,3928870000,1353.33
2012-11-16,1353.36,1362.03,1343.35,1359.88,4045910000,1359.88
2012-11-19,1359.88,1386.89,1359.88,1386.89,3374800000,1386.89
2012-11-20,1386.82,1389.77,1377.04,1387.81,3207160000,1387.81
2012-11-21,1387.79,1391.25,1386.39,1391.03,2667090000,1391.03
2012-11-23,1391.03,1409.16,1391.03,1409.15,1504960000,1409.15
2012-11-26,1409.15,1409.15,1397.68,1406.29,2948960000,1406.29
2012-11-27,1406.29,1409.01,1398.03,1398.94,3323120000,1398.94
2012-11-28,1398.77,1410.31,1385.43,1409.93,3359250000,1409.93
2012-11-29,1409.96,1419.70,1409.04,1415.95,3356850000,1415.95
2012-11-30,1415.95,1418.86,1411.63,1416.18,3966000000,1416.18
2012-12-03,1416.34,1423.73,1408.46,1409.46,3074280000,1409.46
2012-12-04,1409.46,1413.14,1403.65,1407.05,3247710000,1407.05
2012-12-05,1407.05,1415.56,1398.23,1409.28,4253920000,1409.28
2012-12-06,1409.43,1413.95,1405.93,1413.94,3229700000,1413.94
2012-12-07,1413.95,1420.34,1410.90,1418.07,3125160000,1418.07
2012-12-10,1418.07,1421.64,1415.64,1418.55,2999430000,1418.55
2012-12-11,1418.55,1434.27,1418.55,1427.84,3650230000,1427.84
2012-12-12,1427.84,1438.59,1426.76,1428.48,3709050000,1428.48
2012-12-13,1428.48,1431.36,1416.00,1419.45,3349960000,1419.45
2012-12-14,1419.45,1419.45,1411.88,1413.58,3210170000,1413.58
2012-12-17,1413.54,1430.67,1413.54,1430.36,3455610000,1430.36
2012-12-18,1430.47,1448.00,1430.47,1446.79,4302240000,1446.79
2012-12-19,1446.79,1447.75,1435.80,1435.81,3869800000,1435.81
2012-12-20,1435.81,1443.70,1432.82,1443.69,3686580000,1443.69
2012-12-21,1443.67,1443.67,1422.58,1430.15,5229160000,1430.15
2012-12-24,1430.15,1430.15,1424.66,1426.66,1248960000,1426.66
2012-12-26,1426.66,1429.42,1416.43,1419.83,2285030000,1419.83
2012-12-27,1419.83,1422.80,1401.80,1418.10,2830180000,1418.10
2012-12-28,1418.10,1418.10,1401.58,1402.43,2426680000,1402.43
2012-12-31,1402.43,1426.74,1398.11,1426.19,3204330000,1426.19
2013-01-02,1426.19,1462.43,1426.19,1462.42,4202600000,1462.42
2013-01-03,1462.42,1465.47,1455.53,1459.37,3829730000,1459.37
2013-01-04,1459.37,1467.94,1458.99,1466.47,3424290000,1466.47
2013-01-07,1466.47,1466.47,1456.62,1461.89,3304970000,1461.89
2013-01-08,1461.89,1461.89,1451.64,1457.15,3601600000,1457.15
2013-01-09,1457.15,1464.73,1457.15,1461.02,3674390000,1461.02
2013-01-10,1461.02,1472.30,1461.02,1472.12,4081840000,1472.12
2013-01-11,1472.12,1472.75,1467.58,1472.05,3340650000,1472.05
2013-01-14,1472.05,1472.05,1465.69,1470.68,3003010000,1470.68
2013-01-15,1470.67,1473.31,1463.76,1472.34,3135350000,1472.34
2013-01-16,1472.33,1473.96,1467.60,1472.63,3384080000,1472.63
2013-01-17,1472.63,1485.16,1472.63,1480.94,3706710000,1480.94
2013-01-18,1480.95,1485.98,1475.81,1485.98,3795740000,1485.98
2013-01-22,1485.98,1492.56,1481.16,1492.56,3570950000,1492.56
2013-01-23,1492.56,1496.13,1489.90,1494.81,3552010000,1494.81
2013-01-24,1494.81,1502.27,1489.46,1494.82,3699430000,1494.82
2013-01-25,1494.82,1503.26,1494.82,1502.96,3476290000,1502.96
2013-01-28,1502.96,1503.23,1496.33,1500.18,3388540000,1500.18
2013-01-29,1500.18,1509.35,1498.09,1507.84,3949640000,1507.84
2013-01-30,1507.84,1509.94,1500.11,1501.96,3726810000,1501.96
2013-01-31,1501.96,1504.19,1496.76,1498.11,3999880000,1498.11
2013-02-01,1498.11,1514.41,1498.11,1513.17,3836320000,1513.17
2013-02-04,1513.17,1513.17,1495.02,1495.71,3390000000,1495.71
2013-02-05,1495.71,1514.96,1495.71,1511.29,3618360000,1511.29
2013-02-06,1511.29,1512.53,1504.71,1512.12,3611570000,1512.12
2013-02-07,1512.12,1512.90,1498.49,1509.39,3614580000,1509.39
2013-02-08,1509.39,1518.31,1509.39,1517.93,2986150000,1517.93
2013-02-11,1517.93,1518.31,1513.61,1517.01,2684100000,1517.01
2013-02-12,1517.01,1522.29,1515.61,1519.43,3414370000,1519.43
2013-02-13,1519.43,1524.69,1515.93,1520.33,3385880000,1520.33
2013-02-14,1520.33,1523.14,1514.02,1521.38,3759740000,1521.38
2013-02-15,1521.38,1524.24,1514.14,1519.79,3838510000,1519.79
2013-02-19,1519.79,1530.94,1519.79,1530.94,3748910000,1530.94
2013-02-20,1530.94,1530.94,1511.41,1511.95,4240570000,1511.95
2013-02-21,1511.95,1511.95,1497.29,1502.42,4274600000,1502.42
2013-02-22,1502.42,1515.64,1502.42,1515.60,3419320000,1515.60
2013-02-25,1515.60,1525.84,1487.85,1487.85,4011050000,1487.85
2013-02-26,1487.85,1498.99,1485.01,1496.94,3975280000,1496.94
2013-02-27,1496.94,1520.08,1494.88,1515.99,3551850000,1515.99
2013-02-28,1515.99,1525.34,1514.46,1514.68,3912320000,1514.68
2013-03-01,1514.68,1519.99,1501.48,1518.20,3695610000,1518.20
2013-03-04,1518.20,1525.27,1512.29,1525.20,3414430000,1525.20
2013-03-05,1525.20,1543.47,1525.20,1539.79,3610690000,1539.79
2013-03-06,1539.79,1545.25,1538.11,1541.46,3676890000,1541.46
2013-03-07,1541.46,1545.78,1541.46,1544.26,3634710000,1544.26
2013-03-08,1544.26,1552.48,1542.94,1551.18,3652260000,1551.18
2013-03-11,1551.15,1556.27,1547.36,1556.22,3091080000,1556.22
2013-03-12,1556.22,1556.77,1548.24,1552.48,3274910000,1552.48
2013-03-13,1552.48,1556.39,1548.25,1554.52,3073830000,1554.52
2013-03-14,1554.52,1563.32,1554.52,1563.23,3459260000,1563.23
2013-03-15,1563.21,1563.62,1555.74,1560.70,5175850000,1560.70
2013-03-18,1560.70,1560.70,1545.13,1552.10,3164560000,1552.10
2013-03-19,1552.10,1557.25,1538.57,1548.34,3796210000,1548.34
2013-03-20,1548.34,1561.56,1548.34,1558.71,3349090000,1558.71
2013-03-21,1558.71,1558.71,1543.55,1545.80,3243270000,1545.80
2013-03-22,1545.90,1557.74,1545.90,1556.89,2948380000,1556.89
2013-03-25,1556.89,1564.91,1546.22,1551.69,3178170000,1551.69
2013-03-26,1551.69,1563.95,1551.69,1563.77,2869260000,1563.77
2013-03-27,1563.75,1564.07,1551.90,1562.85,2914210000,1562.85
2013-03-28,1562.86,1570.28,1561.08,1569.19,3304440000,1569.19
2013-04-01,1569.18,1570.57,1558.47,1562.17,2753110000,1562.17
2013-04-02,1562.17,1573.66,1562.17,1570.25,3312160000,1570.25
2013-04-03,1570.25,1571.47,1549.80,1553.69,4060610000,1553.69
2013-04-04,1553.69,1562.60,1552.52,1559.98,3350670000,1559.98
2013-04-05,1559.98,1559.98,1539.50,1553.28,3515410000,1553.28
2013-04-08,1553.26,1563.07,1548.63,1563.07,2887120000,1563.07
2013-04-09,1563.11,1573.89,1560.92,1568.61,3252780000,1568.61
2013-04-10,1568.61,1589.07,1568.61,1587.73,3453350000,1587.73
2013-04-11,1587.73,1597.35,1586.17,1593.37,3393950000,1593.37
2013-04-12,1593.30,1593.30,1579.97,1588.85,3206290000,1588.85
2013-04-15,1588.84,1588.84,1552.28,1552.36,4660130000,1552.36
2013-04-16,1552.36,1575.35,1552.36,1574.57,3654700000,1574.57
2013-04-17,1574.57,1574.57,1543.69,1552.01,4250310000,1552.01
2013-04-18,1552.03,1554.38,1536.03,1541.61,3890800000,1541.61
2013-04-19,1541.61,1555.89,1539.40,1555.25,3569870000,1555.25
2013-04-22,1555.25,1565.55,1548.19,1562.50,2979880000,1562.50
2013-04-23,1562.50,1579.58,1562.50,1578.78,3565150000,1578.78
2013-04-24,1578.78,1583.00,1575.80,1578.79,3598240000,1578.79
2013-04-25,1578.93,1592.64,1578.93,1585.16,3908580000,1585.16
2013-04-26,1585.16,1585.78,1577.56,1582.24,3198620000,1582.24
2013-04-29,1582.34,1596.65,1582.34,1593.61,2891200000,1593.61
2013-04-30,1593.58,1597.57,1586.50,1597.57,3745070000,1597.57
2013-05-01,1597.55,1597.55,1581.28,1582.70,3530320000,1582.70
2013-05-02,1582.77,1598.60,1582.77,1597.59,3366950000,1597.59
2013-05-03,1597.60,1618.46,1597.60,1614.42,3603910000,1614.42
2013-05-06,1614.40,1619.77,1614.21,1617.50,3062240000,1617.50
2013-05-07,1617.55,1626.03,1616.64,1625.96,3309580000,1625.96
2013-05-08,1625.95,1632.78,1622.70,1632.69,3554700000,1632.69
2013-05-09,1632.69,1635.01,1623.09,1626.67,3457400000,1626.67
2013-05-10,1626.69,1633.70,1623.71,1633.70,3086470000,1633.70
2013-05-13,1632.10,1636.00,1626.74,1633.77,2910600000,1633.77
2013-05-14,1633.75,1651.10,1633.75,1650.34,3457790000,1650.34
2013-05-15,1649.13,1661.49,1646.68,1658.78,3657440000,1658.78
2013-05-16,1658.07,1660.51,1648.60,1650.47,3513130000,1650.47
2013-05-17,1652.45,1667.47,1652.45,1667.47,3440710000,1667.47
2013-05-20,1665.71,1672.84,1663.52,1666.29,3275080000,1666.29
2013-05-21,1666.20,1674.93,1662.67,1669.16,3513560000,1669.16
2013-05-22,1669.39,1687.18,1648.86,1655.35,4361020000,1655.35
2013-05-23,1651.62,1655.50,1635.53,1650.51,3945510000,1650.51
2013-05-24,1646.67,1649.78,1636.88,1649.60,2758080000,1649.60
2013-05-28,1652.63,1674.21,1652.63,1660.06,3457400000,1660.06
2013-05-29,1656.57,1656.57,1640.05,1648.36,3587140000,1648.36
2013-05-30,1649.14,1661.91,1648.61,1654.41,3498620000,1654.41
2013-05-31,1652.13,1658.99,1630.74,1630.74,4099600000,1630.74
2013-06-03,1631.71,1640.42,1622.72,1640.42,3952070000,1640.42
2013-06-04,1640.73,1646.53,1623.62,1631.38,3653840000,1631.38
2013-06-05,1629.05,1629.31,1607.09,1608.90,3632350000,1608.90
2013-06-06,1609.29,1622.56,1598.23,1622.56,3547380000,1622.56
2013-06-07,1625.27,1644.40,1625.27,1643.38,3371990000,1643.38
2013-06-10,1644.67,1648.69,1639.26,1642.81,2978730000,1642.81
2013-06-11,1638.64,1640.13,1622.92,1626.13,3435710000,1626.13
2013-06-12,1629.94,1637.71,1610.92,1612.52,3202550000,1612.52
2013-06-13,1612.15,1639.25,1608.07,1636.36,3378620000,1636.36
2013-06-14,1635.52,1640.80,1623.96,1626.73,2939400000,1626.73
2013-06-17,1630.64,1646.50,1630.34,1639.04,3137080000,1639.04
2013-06-18,1639.77,1654.19,1639.77,1651.81,3120980000,1651.81
2013-06-19,1651.83,1652.45,1628.91,1628.93,3545060000,1628.93
2013-06-20,1624.62,1624.62,1584.32,1588.19,4858850000,1588.19
2013-06-21,1588.62,1599.19,1577.70,1592.43,5797280000,1592.43
2013-06-24,1588.77,1588.77,1560.33,1573.09,4733660000,1573.09
2013-06-25,1577.52,1593.79,1577.09,1588.03,3761170000,1588.03
2013-06-26,1592.27,1606.83,1592.27,1603.26,3558340000,1603.26
2013-06-27,1606.44,1620.07,1606.44,1613.20,3364540000,1613.20
2013-06-28,1611.12,1615.94,1601.06,1606.28,4977190000,1606.28
2013-07-01,1609.78,1626.61,1609.78,1614.96,3104690000,1614.96
2013-07-02,1614.29,1624.26,1606.77,1614.08,3317130000,1614.08
2013-07-03,1611.48,1618.97,1604.57,1615.41,1966050000,1615.41
2013-07-05,1618.65,1632.07,1614.71,1631.89,2634140000,1631.89
2013-07-08,1634.20,1644.68,1634.20,1640.46,3514590000,1640.46
2013-07-09,1642.89,1654.18,1642.89,1652.32,3155360000,1652.32
2013-07-10,1651.56,1657.92,1647.66,1652.62,3011010000,1652.62
2013-07-11,1657.41,1676.63,1657.41,1675.02,3446340000,1675.02
2013-07-12,1675.26,1680.19,1672.33,1680.19,3039070000,1680.19
2013-07-15,1679.59,1684.51,1677.89,1682.50,2623200000,1682.50
2013-07-16,1682.70,1683.73,1671.84,1676.26,3081710000,1676.26
2013-07-17,1677.91,1684.75,1677.91,1680.91,3153440000,1680.91
2013-07-18,1681.05,1693.12,1681.05,1689.37,3452370000,1689.37
2013-07-19,1686.15,1692.09,1684.08,1692.09,3302580000,1692.09
2013-07-22,1694.41,1697.61,1690.67,1695.53,2779130000,1695.53
2013-07-23,1696.63,1698.78,1691.13,1692.39,3096180000,1692.39
2013-07-24,1696.06,1698.38,1682.57,1685.94,3336120000,1685.94
2013-07-25,1685.21,1690.94,1680.07,1690.25,3322500000,1690.25
2013-07-26,1687.31,1691.85,1676.03,1691.65,2762770000,1691.65
2013-07-29,1690.32,1690.92,1681.86,1685.33,2840520000,1685.33
2013-07-30,1687.92,1693.19,1682.42,1685.96,3320530000,1685.96
2013-07-31,1687.76,1698.43,1684.94,1685.73,3847390000,1685.73
2013-08-01,1689.42,1707.85,1689.42,1706.87,3775170000,1706.87
2013-08-02,1706.10,1709.67,1700.68,1709.67,3136630000,1709.67
2013-08-05,1708.01,1709.24,1703.55,1707.14,2529300000,1707.14
2013-08-06,1705.79,1705.79,1693.29,1697.37,3141210000,1697.37
2013-08-07,1695.30,1695.30,1684.91,1690.91,3010230000,1690.91
2013-08-08,1693.35,1700.18,1688.38,1697.48,3271660000,1697.48
2013-08-09,1696.10,1699.42,1686.02,1691.42,2957670000,1691.42
2013-08-12,1688.37,1691.49,1683.35,1689.47,2789160000,1689.47
2013-08-13,1690.65,1696.81,1682.62,1694.16,3035560000,1694.16
2013-08-14,1693.88,1695.52,1684.83,1685.39,2871430000,1685.39
2013-08-15,1679.61,1679.61,1658.59,1661.32,3426690000,1661.32
2013-08-16,1661.22,1663.60,1652.61,1655.83,3211450000,1655.83
2013-08-19,1655.25,1659.18,1645.84,1646.06,2904530000,1646.06
2013-08-20,1646.81,1658.92,1646.08,1652.35,2994090000,1652.35
2013-08-21,1650.66,1656.99,1639.43,1642.80,2932180000,1642.80
2013-08-22,1645.03,1659.55,1645.03,1656.96,2537460000,1656.96
2013-08-23,1659.92,1664.85,1654.81,1663.50,2582670000,1663.50
2013-08-26,1664.29,1669.51,1656.02,1656.78,2430670000,1656.78
2013-08-27,1652.54,1652.54,1629.05,1630.48,3219190000,1630.48
2013-08-28,1630.25,1641.18,1627.47,1634.96,2784010000,1634.96
2013-08-29,1633.50,1646.41,1630.88,1638.17,2527550000,1638.17
2013-08-30,1638.89,1640.08,1628.05,1632.97,2734300000,1632.97
2013-09-03,1635.95,1651.35,1633.41,1639.77,3731610000,1639.77
2013-09-04,1640.72,1655.72,1637.41,1653.08,3312150000,1653.08
2013-09-05,1653.28,1659.17,1653.07,1655.08,2957110000,1655.08
2013-09-06,1657.44,1664.83,1640.62,1655.17,3123880000,1655.17
2013-09-09,1656.85,1672.40,1656.85,1671.71,3102780000,1671.71
2013-09-10,1675.11,1684.09,1675.11,1683.99,3691800000,1683.99
2013-09-11,1681.04,1689.13,1678.70,1689.13,3135460000,1689.13
2013-09-12,1689.21,1689.97,1681.96,1683.42,3106290000,1683.42
2013-09-13,1685.04,1688.73,1682.22,1687.99,2736500000,1687.99
2013-09-16,1691.70,1704.95,1691.70,1697.60,3079800000,1697.60
2013-09-17,1697.73,1705.52,1697.73,1704.76,2774240000,1704.76
2013-09-18,1705.74,1729.44,1700.35,1725.52,3989760000,1725.52
2013-09-19,1727.34,1729.86,1720.20,1722.34,3740130000,1722.34
2013-09-20,1722.44,1725.23,1708.89,1709.91,5074030000,1709.91
2013-09-23,1711.44,1711.44,1697.10,1701.84,3126950000,1701.84
2013-09-24,1702.60,1707.63,1694.90,1697.42,3268930000,1697.42
2013-09-25,1698.02,1701.71,1691.88,1692.77,3148730000,1692.77
2013-09-26,1694.05,1703.85,1693.11,1698.67,2813930000,1698.67
2013-09-27,1695.52,1695.52,1687.11,1691.75,2951700000,1691.75
2013-09-30,1687.26,1687.26,1674.99,1681.55,3308630000,1681.55
2013-10-01,1682.41,1696.55,1682.07,1695.00,3238690000,1695.00
2013-10-02,1691.90,1693.87,1680.34,1693.87,3148600000,1693.87
2013-10-03,1692.35,1692.35,1670.36,1678.66,3279650000,1678.66
2013-10-04,1678.79,1691.94,1677.33,1690.50,2880270000,1690.50
2013-10-07,1687.15,1687.15,1674.70,1676.12,2678490000,1676.12
2013-10-08,1676.22,1676.79,1655.03,1655.45,3569230000,1655.45
2013-10-09,1656.99,1662.47,1646.47,1656.40,3577840000,1656.40
2013-10-10,1660.88,1692.56,1660.88,1692.56,3362300000,1692.56
2013-10-11,1691.09,1703.44,1688.52,1703.20,2944670000,1703.20
2013-10-14,1699.86,1711.03,1692.13,1710.14,2580580000,1710.14
2013-10-15,1709.17,1711.57,1695.93,1698.06,3327740000,1698.06
2013-10-16,1700.49,1721.76,1700.49,1721.54,3486180000,1721.54
2013-10-17,1720.17,1733.45,1714.12,1733.15,3453590000,1733.15
2013-10-18,1736.72,1745.31,1735.74,1744.50,3664890000,1744.50
2013-10-21,1745.20,1747.79,1740.67,1744.66,3052710000,1744.66
2013-10-22,1746.48,1759.33,1746.48,1754.67,3850840000,1754.67
2013-10-23,1752.27,1752.27,1740.50,1746.38,3713380000,1746.38
2013-10-24,1747.48,1753.94,1745.50,1752.07,3671700000,1752.07
2013-10-25,1756.01,1759.82,1752.45,1759.77,3175720000,1759.77
2013-10-28,1759.42,1764.99,1757.67,1762.11,3282300000,1762.11
2013-10-29,1762.93,1772.09,1762.93,1771.95,3358460000,1771.95
2013-10-30,1772.27,1775.22,1757.24,1763.31,3523040000,1763.31
2013-10-31,1763.24,1768.53,1755.72,1756.54,3826530000,1756.54
2013-11-01,1758.70,1765.67,1752.70,1761.64,3686290000,1761.64
2013-11-04,1763.40,1768.78,1761.56,1767.93,3194870000,1767.93
2013-11-05,1765.67,1767.03,1755.76,1762.97,3516680000,1762.97
2013-11-06,1765.00,1773.74,1764.40,1770.49,3322100000,1770.49
2013-11-07,1770.74,1774.54,1746.20,1747.15,4143200000,1747.15
2013-11-08,1748.37,1770.78,1747.63,1770.61,3837170000,1770.61
2013-11-11,1769.96,1773.44,1767.85,1771.89,2534060000,1771.89
2013-11-12,1769.51,1771.78,1762.29,1767.69,3221030000,1767.69
2013-11-13,1764.37,1782.00,1760.64,1782.00,3327480000,1782.00
2013-11-14,1782.75,1791.53,1780.22,1790.62,3139060000,1790.62
2013-11-15,1790.66,1798.22,1790.66,1798.18,3254820000,1798.18
2013-11-18,1798.82,1802.33,1788.00,1791.53,3168520000,1791.53
2013-11-19,1790.79,1795.51,1784.72,1787.87,3224450000,1787.87
2013-11-20,1789.59,1795.73,1777.23,1781.37,3109140000,1781.37
2013-11-21,1783.52,1797.16,1783.52,1795.85,3256630000,1795.85
2013-11-22,1797.21,1804.84,1794.70,1804.76,3055140000,1804.76
2013-11-25,1806.33,1808.10,1800.58,1802.48,2998540000,1802.48
2013-11-26,1802.87,1808.42,1800.77,1802.75,3427120000,1802.75
2013-11-27,1803.48,1808.27,1802.77,1807.23,2613590000,1807.23
2013-11-29,1808.69,1813.55,1803.98,1805.81,1598300000,1805.81
2013-12-02,1806.55,1810.02,1798.60,1800.90,3095430000,1800.90
2013-12-03,1800.10,1800.10,1787.85,1795.15,3475680000,1795.15
2013-12-04,1793.15,1799.80,1779.09,1792.81,3610540000,1792.81
2013-12-05,1792.82,1792.82,1783.38,1785.03,3336880000,1785.03
2013-12-06,1788.36,1806.04,1788.36,1805.09,3150030000,1805.09
2013-12-09,1806.21,1811.52,1806.21,1808.37,3129500000,1808.37
2013-12-10,1807.60,1808.52,1801.75,1802.62,3117150000,1802.62
2013-12-11,1802.76,1802.97,1780.09,1782.22,3472240000,1782.22
2013-12-12,1781.71,1782.99,1772.28,1775.50,3306640000,1775.50
2013-12-13,1777.98,1780.92,1772.45,1775.32,3061070000,1775.32
2013-12-16,1777.48,1792.22,1777.48,1786.54,3209890000,1786.54
2013-12-17,1786.47,1786.77,1777.05,1781.00,3270030000,1781.00
2013-12-18,1781.46,1811.08,1767.99,1810.65,4327770000,1810.65
2013-12-19,1809.00,1810.88,1801.35,1809.60,3497210000,1809.60
2013-12-20,1810.39,1823.75,1810.25,1818.32,5097700000,1818.32
2013-12-23,1822.92,1829.75,1822.92,1827.99,2851540000,1827.99
2013-12-24,1828.02,1833.32,1828.02,1833.32,1307630000,1833.32
2013-12-26,1834.96,1842.84,1834.96,1842.02,1982270000,1842.02
2013-12-27,1842.97,1844.89,1839.81,1841.40,2052920000,1841.40
2013-12-30,1841.47,1842.47,1838.77,1841.07,2293860000,1841.07
2013-12-31,1842.61,1849.44,1842.41,1848.36,2312840000,1848.36
Date,Open,High,Low,Close,Volume,Adj Close
